10
0
0.000000 0.000000 0.000000
0.200000 0.010000 0.000000
0.400000 0.020000 0.000000
0.600000 0.030000 0.000000
0.800000 0.040000 0.000000
1.000000 0.050000 0.000000
1.200000 0.060000 0.000000
1.400000 0.070000 0.000000
1.600000 0.080000 0.000000
1.800000 0.090000 0.000000
0.000000 0.010000
0.000000 0.000000 0.000000
0.200001 0.009980 0.000000
0.400001 0.019980 0.000000
0.600001 0.029980 0.000000
0.800000 0.039980 0.000000
1.000000 0.049980 0.000000
1.200000 0.059980 0.000000
1.400000 0.069980 0.000000
1.600000 0.079980 0.000000
1.800000 0.089980 0.000000
